3 0.770555555556 0.481666666667 0.158888888889 0.12
3 0.597222222222 0.440833333333 0.13 0.108333333333
3 0.497777777778 0.535833333333 0.142222222222 0.101666666667
3 0.363888888889 0.530833333333 0.121111111111 0.161666666667
3 0.185 0.540833333333 0.127777777778 0.141666666667
3 0.487777777778 0.343333333333 0.157777777778 0.11
3 0.351666666667 0.2425 0.145555555556 0.125
3 0.150555555556 0.205 0.121111111111 0.09
3 0.0444444444444 0.163333333333 0.0777777777778 0.0866666666667
3 0.0294444444444 0.576666666667 0.0522222222222 0.0533333333333
