0 0.54921875 0.755555555556 0.159375 0.461111111111
0 0.496875 0.598611111111 0.0859375 0.275
0 0.386328125 0.607638888889 0.09765625 0.3875
0 0.26953125 0.635416666667 0.146875 0.534722222222
0 0.1 0.444444444444 0.1765625 0.275
0 0.04765625 0.625694444444 0.0875 0.570833333333
0 0.54921875 0.755555555556 0.159375 0.461111111111
0 0.496875 0.598611111111 0.0859375 0.275
0 0.386328125 0.607638888889 0.09765625 0.3875
0 0.26953125 0.635416666667 0.146875 0.534722222222
0 0.1 0.444444444444 0.1765625 0.275
0 0.04765625 0.625694444444 0.0875 0.570833333333
3 0.54921875 0.755555555556 0.159375 0.461111111111
3 0.496875 0.598611111111 0.0859375 0.275
3 0.386328125 0.607638888889 0.09765625 0.3875
3 0.26953125 0.635416666667 0.146875 0.534722222222
3 0.1 0.444444444444 0.1765625 0.275
3 0.04765625 0.625694444444 0.0875 0.570833333333
