0 0.79 0.4 0.32 0.321428571429
0 0.633 0.658928571429 0.182 0.175
0 0.53 0.780357142857 0.148 0.167857142857
0 0.252 0.858928571429 0.128 0.139285714286
0 0.131 0.778571428571 0.138 0.157142857143
0 0.435 0.408928571429 0.114 0.132142857143
0 0.384 0.348214285714 0.324 0.617857142857
0 0.79 0.4 0.32 0.321428571429
0 0.633 0.658928571429 0.182 0.175
0 0.53 0.780357142857 0.148 0.167857142857
0 0.252 0.858928571429 0.128 0.139285714286
0 0.131 0.778571428571 0.138 0.157142857143
0 0.435 0.408928571429 0.114 0.132142857143
0 0.384 0.348214285714 0.324 0.617857142857
3 0.79 0.4 0.32 0.321428571429
3 0.633 0.658928571429 0.182 0.175
3 0.53 0.780357142857 0.148 0.167857142857
3 0.252 0.858928571429 0.128 0.139285714286
3 0.131 0.778571428571 0.138 0.157142857143
3 0.435 0.408928571429 0.114 0.132142857143
3 0.384 0.348214285714 0.324 0.617857142857
