0 0.823863636364 0.563636363636 0.193181818182 0.206060606061
0 0.634090909091 0.531818181818 0.140909090909 0.233333333333
0 0.113636363636 0.404545454545 0.104545454545 0.0454545454545
0 0.0931818181818 0.357575757576 0.0818181818182 0.0666666666667
0 0.546590909091 0.284848484848 0.0568181818182 0.10303030303
0 0.626136363636 0.29696969697 0.0704545454545 0.0606060606061
0 0.859090909091 0.234848484848 0.0409090909091 0.0515151515152
3 0.823863636364 0.563636363636 0.193181818182 0.206060606061
3 0.634090909091 0.531818181818 0.140909090909 0.233333333333
3 0.113636363636 0.404545454545 0.104545454545 0.0454545454545
3 0.0931818181818 0.357575757576 0.0818181818182 0.0666666666667
3 0.546590909091 0.284848484848 0.0568181818182 0.10303030303
3 0.626136363636 0.29696969697 0.0704545454545 0.0606060606061
3 0.859090909091 0.234848484848 0.0409090909091 0.0515151515152
