0 0.2265625 0.684523809524 0.401041666667 0.43253968254
0 0.8671875 0.325396825397 0.260416666667 0.238095238095
0 0.576822916667 0.569444444444 0.231770833333 0.496031746032
0 0.744791666667 0.664682539683 0.4375 0.416666666667
0 0.2265625 0.684523809524 0.401041666667 0.43253968254
0 0.8671875 0.325396825397 0.260416666667 0.238095238095
0 0.576822916667 0.569444444444 0.231770833333 0.496031746032
0 0.744791666667 0.664682539683 0.4375 0.416666666667
3 0.2265625 0.684523809524 0.401041666667 0.43253968254
3 0.8671875 0.325396825397 0.260416666667 0.238095238095
3 0.576822916667 0.569444444444 0.231770833333 0.496031746032
3 0.744791666667 0.664682539683 0.4375 0.416666666667
