3 0.1611328125 0.186197916667 0.123046875 0.158854166667
3 0.212890625 0.359375 0.10546875 0.109375
3 0.259765625 0.5234375 0.12109375 0.0625
3 0.267578125 0.611979166667 0.15234375 0.0833333333333
3 0.3603515625 0.41796875 0.134765625 0.1328125
3 0.349609375 0.303385416667 0.09765625 0.0598958333333
3 0.37890625 0.158854166667 0.109375 0.078125
3 0.4521484375 0.192708333333 0.111328125 0.0729166666667
3 0.47265625 0.305989583333 0.13671875 0.0703125
3 0.50390625 0.377604166667 0.12890625 0.0677083333333
3 0.458984375 0.471354166667 0.1171875 0.0729166666667
3 0.6005859375 0.256510416667 0.119140625 0.0807291666667
3 0.646484375 0.385416666667 0.1640625 0.0833333333333
3 0.703125 0.3203125 0.140625 0.0885416666667
