3 0.0683333333333 0.856890459364 0.0733333333333 0.208480565371
3 0.143333333333 0.86925795053 0.05 0.183745583039
3 0.186666666667 0.849823321555 0.0333333333333 0.166077738516
3 0.015 0.791519434629 0.0166666666667 0.120141342756
3 0.219166666667 0.82332155477 0.035 0.155477031802
3 0.2875 0.860424028269 0.0383333333333 0.208480565371
3 0.375 0.84628975265 0.0533333333333 0.159010600707
3 0.533333333333 0.855123674912 0.04 0.155477031802
3 0.541666666667 0.734982332155 0.05 0.0848056537102
3 0.6025 0.793286219081 0.035 0.173144876325
3 0.645833333333 0.818021201413 0.045 0.166077738516
3 0.738333333333 0.840989399293 0.0466666666667 0.190812720848
3 0.76 0.742049469965 0.0366666666667 0.148409893993
3 0.873333333333 0.819787985866 0.04 0.16961130742
3 0.921666666667 0.798586572438 0.0233333333333 0.155477031802
3 0.9625 0.736749116608 0.055 0.123674911661
3 0.8725 0.71554770318 0.025 0.095406360424
3 0.189166666667 0.565371024735 0.0183333333333 0.0636042402827
3 0.2 0.563604240283 0.0133333333333 0.0530035335689
3 0.215833333333 0.56183745583 0.0216666666667 0.0494699646643
3 0.406666666667 0.616607773852 0.0233333333333 0.0671378091873
3 0.433333333333 0.616607773852 0.0233333333333 0.0671378091873
3 0.474166666667 0.614840989399 0.0316666666667 0.0565371024735
3 0.4975 0.611307420495 0.0283333333333 0.0494699646643
3 0.521666666667 0.623674911661 0.03 0.0600706713781
3 0.565833333333 0.621908127208 0.0316666666667 0.0565371024735
3 0.598333333333 0.618374558304 0.0266666666667 0.0565371024735
3 0.704166666667 0.556537102473 0.0283333333333 0.0530035335689
3 0.853333333333 0.574204946996 0.02 0.0459363957597
3 0.8975 0.563604240283 0.0283333333333 0.0671378091873
3 0.9225 0.579505300353 0.015 0.0494699646643
3 0.57 0.574204946996 0.0333333333333 0.0388692579505
3 0.541666666667 0.575971731449 0.0266666666667 0.0353356890459
3 0.518333333333 0.572438162544 0.02 0.0424028268551
3 0.455 0.56890459364 0.02 0.0565371024735
3 0.435 0.56183745583 0.0233333333333 0.0565371024735
3 0.414166666667 0.56890459364 0.0183333333333 0.0424028268551
