3 0.0205078125 0.739856801909 0.03515625 0.114558472554
3 0.15771484375 0.680190930788 0.0927734375 0.0859188544153
3 0.40087890625 0.798329355609 0.0732421875 0.0739856801909
3 0.6708984375 0.695704057279 0.05859375 0.126491646778
3 0.74072265625 0.595465393795 0.0732421875 0.0883054892601
3 0.7158203125 0.511933174224 0.07421875 0.0930787589499
3 0.3818359375 0.41169451074 0.0234375 0.121718377088
3 0.3232421875 0.40692124105 0.01953125 0.126491646778
3 0.3671875 0.381861575179 0.056640625 0.0620525059666
3 0.10546875 0.349642004773 0.037109375 0.0835322195704
3 0.00830078125 0.301909307876 0.0107421875 0.054892601432
3 0.064453125 0.32338902148 0.017578125 0.0453460620525
3 0.01513671875 0.23508353222 0.0185546875 0.054892601432
3 0.0185546875 0.182577565632 0.025390625 0.0405727923628
3 0.07177734375 0.26491646778 0.0244140625 0.0381861575179
3 0.10400390625 0.255369928401 0.0166015625 0.0572792362768
3 0.0830078125 0.221957040573 0.015625 0.0525059665871
3 0.0546875 0.22076372315 0.021484375 0.0310262529833
3 0.099609375 0.1861575179 0.02734375 0.0286396181384
3 0.11669921875 0.22076372315 0.0107421875 0.0453460620525
3 0.150390625 0.255369928401 0.015625 0.0668257756563
3 0.17578125 0.331742243437 0.048828125 0.0477326968974
3 0.14599609375 0.329355608592 0.0107421875 0.0477326968974
3 0.23046875 0.347255369928 0.037109375 0.0596658711217
3 0.2822265625 0.324582338902 0.044921875 0.0954653937947
3 0.3154296875 0.321002386635 0.0234375 0.0405727923628
3 0.3544921875 0.329355608592 0.02734375 0.0477326968974
3 0.248046875 0.270883054893 0.029296875 0.0310262529833
3 0.18115234375 0.268496420048 0.0263671875 0.0405727923628
3 0.16845703125 0.195704057279 0.0205078125 0.0525059665871
3 0.20263671875 0.22076372315 0.0322265625 0.0501193317422
3 0.240234375 0.22553699284 0.02734375 0.0501193317422
3 0.25146484375 0.180190930788 0.0205078125 0.0262529832936
3 0.275390625 0.204057279236 0.017578125 0.0310262529833
3 0.30126953125 0.219570405728 0.0146484375 0.0286396181384
3 0.28515625 0.249403341289 0.01953125 0.0262529832936
3 0.31884765625 0.251789976134 0.0244140625 0.0310262529833
3 0.3427734375 0.215990453461 0.029296875 0.054892601432
3 0.39599609375 0.312649164678 0.0283203125 0.0477326968974
3 0.41845703125 0.330548926014 0.0205078125 0.0501193317422
3 0.412109375 0.27446300716 0.017578125 0.0334128878282
3 0.43310546875 0.27923627685 0.0224609375 0.0286396181384
3 0.41748046875 0.232696897375 0.0302734375 0.0310262529833
3 0.40625 0.207637231504 0.0234375 0.0238663484487
3 0.447265625 0.210023866348 0.033203125 0.0286396181384
3 0.4794921875 0.202863961814 0.029296875 0.0238663484487
3 0.47900390625 0.23508353222 0.0380859375 0.0262529832936
3 0.52392578125 0.250596658711 0.0322265625 0.0477326968974
3 0.46875 0.337708830549 0.029296875 0.0453460620525
3 0.47607421875 0.294749403341 0.0361328125 0.0405727923628
3 0.51904296875 0.334128878282 0.0283203125 0.0525059665871
3 0.546875 0.31861575179 0.01953125 0.0596658711217
3 0.580078125 0.325775656325 0.03515625 0.0596658711217
3 0.62939453125 0.35799522673 0.0361328125 0.0668257756563
3 0.69970703125 0.340095465394 0.0322265625 0.0787589498807
3 0.81005859375 0.352028639618 0.0361328125 0.0692124105012
3 0.84326171875 0.336515513126 0.0341796875 0.0429594272076
3 0.7626953125 0.334128878282 0.044921875 0.0525059665871
3 0.9326171875 0.330548926014 0.046875 0.0453460620525
3 0.8935546875 0.309069212411 0.037109375 0.0692124105012
3 0.65380859375 0.229116945107 0.0263671875 0.100238663484
3 0.6396484375 0.201670644391 0.01953125 0.0644391408115
3 0.51708984375 0.198090692124 0.0244140625 0.0525059665871
3 0.5419921875 0.189737470167 0.015625 0.0405727923628
3 0.568359375 0.165871121718 0.0234375 0.0310262529833
3 0.58984375 0.192124105012 0.037109375 0.035799522673
3 0.6279296875 0.183770883055 0.013671875 0.0286396181384
3 0.64892578125 0.165871121718 0.0185546875 0.035799522673
3 0.68505859375 0.162291169451 0.0224609375 0.0477326968974
3 0.72607421875 0.159904534606 0.0224609375 0.0525059665871
3 0.70361328125 0.210023866348 0.0322265625 0.0477326968974
3 0.73876953125 0.226730310263 0.0283203125 0.0334128878282
3 0.7724609375 0.182577565632 0.015625 0.035799522673
3 0.7919921875 0.162291169451 0.025390625 0.0525059665871
3 0.82373046875 0.167064439141 0.0263671875 0.0525059665871
3 0.8232421875 0.22076372315 0.025390625 0.0739856801909
3 0.8720703125 0.247016706444 0.03125 0.0644391408115
3 0.86669921875 0.170644391408 0.0224609375 0.0262529832936
3 0.85302734375 0.199284009547 0.0263671875 0.0310262529833
3 0.88916015625 0.1861575179 0.0224609375 0.0286396181384
3 0.9375 0.171837708831 0.029296875 0.0381861575179
3 0.93505859375 0.211217183771 0.0283203125 0.0405727923628
3 0.9638671875 0.1861575179 0.025390625 0.0477326968974
