0 0.470703125 0.495659722222 0.208984375 0.373263888889
0 0.13720703125 0.207465277778 0.1142578125 0.105902777778
0 0.720703125 0.302083333333 0.099609375 0.107638888889
0 0.3427734375 0.219618055556 0.1015625 0.234375
0 0.42236328125 0.233506944444 0.0732421875 0.213541666667
0 0.69189453125 0.217881944444 0.0732421875 0.0642361111111
3 0.470703125 0.495659722222 0.208984375 0.373263888889
3 0.13720703125 0.207465277778 0.1142578125 0.105902777778
3 0.720703125 0.302083333333 0.099609375 0.107638888889
3 0.3427734375 0.219618055556 0.1015625 0.234375
3 0.42236328125 0.233506944444 0.0732421875 0.213541666667
3 0.69189453125 0.217881944444 0.0732421875 0.0642361111111
