3 0.668310727497 0.852034525277 0.16522811344 0.125770653514
3 0.282367447596 0.864981504316 0.313193588163 0.107274969174
3 0.16954377312 0.777435265105 0.218249075216 0.154130702836
3 0.424784217016 0.831072749692 0.196054254007 0.113440197287
3 0.078914919852 0.754623921085 0.143033292232 0.0937114673243
3 0.28914919852 0.639950678175 0.159062885327 0.221948212084
3 0.456226880395 0.716399506782 0.125770653514 0.120838471023
3 0.559186189889 0.685573366215 0.0924784217016 0.157829839704
3 0.406905055487 0.679408138101 0.0961775585697 0.0838471023428
3 0.797780517879 0.659679408138 0.152897657213 0.078914919852
3 0.911837237978 0.726263871763 0.161528976572 0.12823674476
3 0.636868064118 0.543156596794 0.122071516646 0.134401972873
3 0.781134401973 0.533908754624 0.168927250308 0.113440197287
3 0.823674475956 0.451294697904 0.204685573366 0.0641183723798
3 0.0943279901356 0.5 0.171393341554 0.0900123304562
3 0.214549938348 0.520345252774 0.120838471023 0.0863131935882
3 0.372379778052 0.564734895191 0.177558569667 0.0887792848335
3 0.353884093711 0.471023427867 0.150431565968 0.0961775585697
3 0.428483353884 0.441430332922 0.136868064118 0.0813810110974
3 0.50924784217 0.427866831073 0.120838471023 0.059186189889
3 0.310727496917 0.374845869297 0.125770653514 0.0887792848335
3 0.0906288532676 0.397657213317 0.161528976572 0.0875462392109
3 0.205302096178 0.369913686806 0.134401972873 0.0912453760789
3 0.618372379778 0.393958076449 0.181257706535 0.0998766954377
3 0.524044389642 0.352651048089 0.177558569667 0.0493218249075
3 0.448212083847 0.343403205919 0.131935881628 0.0776818742293
3 0.705918618989 0.338471023428 0.144266337855 0.0678175092478
3 0.601726263872 0.311344019729 0.106041923551 0.035758323058
3 0.520345252774 0.273119605425 0.103575832306 0.0604192355117
3 0.347102342787 0.297780517879 0.124537607891 0.0776818742293
3 0.246609124538 0.2934648582 0.106041923551 0.0567200986436
3 0.13316892725 0.287299630086 0.157829839704 0.039457459926
3 0.037607891492 0.245376078915 0.0530209617756 0.0863131935882
3 0.132552404439 0.223181257707 0.0776818742293 0.0715166461159
3 0.27990135635 0.22934648582 0.147965474723 0.059186189889
3 0.40382244143 0.202836004932 0.0875462392109 0.104808877928
3 0.592478421702 0.221331689273 0.151664611591 0.075215782984
3 0.647348951911 0.196670776819 0.113440197287 0.0826140567201
3 0.778051787916 0.239210850801 0.125770653514 0.0739827373613
3 0.869913686806 0.287916152898 0.0653514180025 0.0900123304562
3 0.948828606658 0.327990135635 0.0924784217016 0.0863131935882
3 0.966091245376 0.404438964242 0.0653514180025 0.0739827373613
3 0.967324290999 0.241676942047 0.0628853267571 0.0641183723798
