0 0.425806451613 0.848668280872 0.1 0.138014527845
0 0.508870967742 0.836561743341 0.0758064516129 0.142857142857
0 0.567741935484 0.832929782082 0.0548387096774 0.154963680387
0 0.631451612903 0.832929782082 0.0725806451613 0.169491525424
0 0.712096774194 0.826876513317 0.0887096774194 0.176755447942
3 0.425806451613 0.848668280872 0.1 0.138014527845
3 0.508870967742 0.836561743341 0.0758064516129 0.142857142857
3 0.567741935484 0.832929782082 0.0548387096774 0.154963680387
3 0.631451612903 0.832929782082 0.0725806451613 0.169491525424
3 0.712096774194 0.826876513317 0.0887096774194 0.176755447942
