0 0.514814814815 0.389802631579 0.201851851852 0.516447368421
0 0.120833333333 0.710526315789 0.184259259259 0.351973684211
0 0.277314814815 0.662006578947 0.0916666666667 0.363486842105
0 0.334722222222 0.625 0.0342592592593 0.118421052632
0 0.165740740741 0.553453947368 0.0277777777778 0.100328947368
0 0.0430555555556 0.514802631579 0.0694444444444 0.0559210526316
0 0.252777777778 0.469572368421 0.0240740740741 0.0641447368421
3 0.514814814815 0.389802631579 0.201851851852 0.516447368421
3 0.120833333333 0.710526315789 0.184259259259 0.351973684211
3 0.277314814815 0.662006578947 0.0916666666667 0.363486842105
3 0.334722222222 0.625 0.0342592592593 0.118421052632
3 0.165740740741 0.553453947368 0.0277777777778 0.100328947368
3 0.0430555555556 0.514802631579 0.0694444444444 0.0559210526316
3 0.252777777778 0.469572368421 0.0240740740741 0.0641447368421
