0 0.12353515625 0.697048611111 0.0732421875 0.164930555556
0 0.11572265625 0.572048611111 0.0576171875 0.112847222222
0 0.03955078125 0.547743055556 0.0439453125 0.105902777778
0 0.2333984375 0.540798611111 0.03125 0.151041666667
0 0.19970703125 0.542534722222 0.0341796875 0.0989583333333
0 0.4697265625 0.542534722222 0.044921875 0.0885416666667
0 0.3349609375 0.550347222222 0.03515625 0.09375
0 0.390625 0.532986111111 0.025390625 0.0972222222222
0 0.5302734375 0.588541666667 0.041015625 0.0902777777778
0 0.564453125 0.572048611111 0.041015625 0.116319444444
0 0.69189453125 0.546875 0.0517578125 0.09375
0 0.71826171875 0.606770833333 0.0576171875 0.0607638888889
0 0.943359375 0.636284722222 0.056640625 0.144097222222
0 0.96923828125 0.569444444444 0.0419921875 0.0972222222222
3 0.12353515625 0.697048611111 0.0732421875 0.164930555556
3 0.11572265625 0.572048611111 0.0576171875 0.112847222222
3 0.03955078125 0.547743055556 0.0439453125 0.105902777778
3 0.2333984375 0.540798611111 0.03125 0.151041666667
3 0.19970703125 0.542534722222 0.0341796875 0.0989583333333
3 0.4697265625 0.542534722222 0.044921875 0.0885416666667
3 0.3349609375 0.550347222222 0.03515625 0.09375
3 0.390625 0.532986111111 0.025390625 0.0972222222222
3 0.5302734375 0.588541666667 0.041015625 0.0902777777778
3 0.564453125 0.572048611111 0.041015625 0.116319444444
3 0.69189453125 0.546875 0.0517578125 0.09375
3 0.71826171875 0.606770833333 0.0576171875 0.0607638888889
3 0.943359375 0.636284722222 0.056640625 0.144097222222
3 0.96923828125 0.569444444444 0.0419921875 0.0972222222222
