3 0.110666666667 0.69897084048 0.146666666667 0.289879931389
3 0.106666666667 0.38679245283 0.0826666666667 0.214408233276
3 0.048 0.288164665523 0.072 0.171526586621
3 0.084 0.22384219554 0.064 0.114922813036
3 0.432 0.530017152659 0.104 0.267581475129
3 0.332666666667 0.454545454545 0.084 0.246998284734
3 0.218666666667 0.378216123499 0.0986666666667 0.183533447684
3 0.277333333333 0.315608919383 0.0426666666667 0.161234991424
3 0.207333333333 0.302744425386 0.0893333333333 0.138936535163
3 0.760666666667 0.554030874786 0.0733333333333 0.332761578045
3 0.696 0.551457975986 0.0773333333333 0.241852487136
3 0.883333333333 0.48627787307 0.1 0.313893653516
3 0.826666666667 0.393653516295 0.0746666666667 0.180102915952
3 0.593333333333 0.406518010292 0.0613333333333 0.229845626072
3 0.486666666667 0.408233276158 0.0613333333333 0.257289879931
3 0.457333333333 0.337907375643 0.0533333333333 0.178387650086
3 0.404 0.351629502573 0.0906666666667 0.065180102916
3 0.386 0.260720411664 0.0733333333333 0.140651801029
3 0.341333333333 0.241852487136 0.0933333333333 0.137221269297
3 0.536666666667 0.247855917667 0.052 0.145797598628
3 0.662 0.265008576329 0.0786666666667 0.111492281304
3 0.678666666667 0.417667238422 0.0853333333333 0.0600343053173
3 0.671333333333 0.359348198971 0.0813333333333 0.0600343053173
