0 0.094 0.490540540541 0.0386666666667 0.0945945945946
0 0.201333333333 0.477027027027 0.0346666666667 0.0945945945946
0 0.22 0.427027027027 0.0266666666667 0.0648648648649
0 0.281333333333 0.483783783784 0.048 0.0702702702703
0 0.274666666667 0.439189189189 0.032 0.0567567567568
0 0.314666666667 0.42027027027 0.032 0.0621621621622
0 0.424666666667 0.421621621622 0.036 0.0540540540541
0 0.478 0.425675675676 0.028 0.0459459459459
0 0.534666666667 0.463513513514 0.0293333333333 0.0837837837838
0 0.564 0.495945945946 0.0293333333333 0.0945945945946
0 0.604 0.454054054054 0.032 0.0810810810811
0 0.888 0.543243243243 0.0266666666667 0.0972972972973
0 0.848 0.536486486486 0.0346666666667 0.0513513513514
0 0.801333333333 0.537837837838 0.0266666666667 0.0972972972973
0 0.719333333333 0.456756756757 0.02 0.0648648648649
0 0.712666666667 0.502702702703 0.036 0.0702702702703
0 0.682 0.467567567568 0.02 0.0864864864865
3 0.094 0.490540540541 0.0386666666667 0.0945945945946
3 0.201333333333 0.477027027027 0.0346666666667 0.0945945945946
3 0.22 0.427027027027 0.0266666666667 0.0648648648649
3 0.281333333333 0.483783783784 0.048 0.0702702702703
3 0.274666666667 0.439189189189 0.032 0.0567567567568
3 0.314666666667 0.42027027027 0.032 0.0621621621622
3 0.424666666667 0.421621621622 0.036 0.0540540540541
3 0.478 0.425675675676 0.028 0.0459459459459
3 0.534666666667 0.463513513514 0.0293333333333 0.0837837837838
3 0.564 0.495945945946 0.0293333333333 0.0945945945946
3 0.604 0.454054054054 0.032 0.0810810810811
3 0.888 0.543243243243 0.0266666666667 0.0972972972973
3 0.848 0.536486486486 0.0346666666667 0.0513513513514
3 0.801333333333 0.537837837838 0.0266666666667 0.0972972972973
3 0.719333333333 0.456756756757 0.02 0.0648648648649
3 0.712666666667 0.502702702703 0.036 0.0702702702703
3 0.682 0.467567567568 0.02 0.0864864864865
