3 0.8359375 0.54831625183 0.1171875 0.121522693997
3 0.6708984375 0.555636896047 0.12109375 0.0980966325037
3 0.6728515625 0.538067349927 0.072265625 0.0571010248902
3 0.70068359375 0.50439238653 0.0810546875 0.0483162518302
3 0.57177734375 0.519765739385 0.0693359375 0.0849194729136
3 0.46484375 0.571742313324 0.08984375 0.0746705710102
3 0.4921875 0.505856515373 0.072265625 0.0571010248902
3 0.51708984375 0.472913616398 0.0751953125 0.0527086383602
3 0.43505859375 0.480234260615 0.0693359375 0.0497803806735
3 0.337890625 0.461200585652 0.078125 0.0614934114202
3 0.26025390625 0.5439238653 0.0888671875 0.0658857979502
3 0.24609375 0.487554904832 0.09375 0.0468521229868
3 0.11572265625 0.502196193265 0.0927734375 0.0585651537335
3 0.13916015625 0.299414348463 0.0595703125 0.0600292825769
3 0.09375 0.278916544656 0.048828125 0.0571010248902
