3 0.059 0.918333333333 0.09 0.15
3 0.11 0.853333333333 0.208 0.126666666667
3 0.798 0.888333333333 0.096 0.19
3 0.972 0.871666666667 0.052 0.183333333333
3 0.799 0.74 0.222 0.26
3 0.585 0.708333333333 0.25 0.276666666667
3 0.391 0.611666666667 0.302 0.243333333333
3 0.115 0.516666666667 0.21 0.233333333333
3 0.38 0.525 0.144 0.123333333333
3 0.434 0.37 0.252 0.2
3 0.68 0.318333333333 0.2 0.196666666667
3 0.465 0.138333333333 0.242 0.236666666667
3 0.127 0.233333333333 0.138 0.133333333333
3 0.147 0.311666666667 0.214 0.23
