0 0.229032258065 0.622580645161 0.212903225806 0.129032258065
0 0.432258064516 0.604838709677 0.0903225806452 0.11935483871
0 0.353225806452 0.493548387097 0.112903225806 0.103225806452
0 0.582258064516 0.459677419355 0.274193548387 0.209677419355
0 0.766129032258 0.441935483871 0.1 0.103225806452
0 0.767741935484 0.541935483871 0.122580645161 0.0645161290323
0 0.229032258065 0.622580645161 0.212903225806 0.129032258065
0 0.432258064516 0.604838709677 0.0903225806452 0.11935483871
0 0.353225806452 0.493548387097 0.112903225806 0.103225806452
0 0.582258064516 0.459677419355 0.274193548387 0.209677419355
0 0.766129032258 0.441935483871 0.1 0.103225806452
0 0.767741935484 0.541935483871 0.122580645161 0.0645161290323
3 0.229032258065 0.622580645161 0.212903225806 0.129032258065
3 0.432258064516 0.604838709677 0.0903225806452 0.11935483871
3 0.353225806452 0.493548387097 0.112903225806 0.103225806452
3 0.582258064516 0.459677419355 0.274193548387 0.209677419355
3 0.766129032258 0.441935483871 0.1 0.103225806452
3 0.767741935484 0.541935483871 0.122580645161 0.0645161290323
