0 0.3525 0.530944625407 0.21 0.469055374593
0 0.3575 0.285016286645 0.185 0.120521172638
0 0.2275 0.14006514658 0.22 0.0977198697068
0 0.9125 0.311074918567 0.12 0.166123778502
0 0.90875 0.154723127036 0.2125 0.114006514658
0 0.75375 0.151465798046 0.1075 0.159609120521
0 0.60625 0.14657980456 0.1425 0.0846905537459
3 0.3525 0.530944625407 0.21 0.469055374593
3 0.3575 0.285016286645 0.185 0.120521172638
3 0.2275 0.14006514658 0.22 0.0977198697068
3 0.9125 0.311074918567 0.12 0.166123778502
3 0.90875 0.154723127036 0.2125 0.114006514658
3 0.75375 0.151465798046 0.1075 0.159609120521
3 0.60625 0.14657980456 0.1425 0.0846905537459
